10 0 2
10 0 1
14 2 2
18 2 1
20 5 2
23 1 1
26 2 1
28 0 2
38 3 1
48 7 2
58 3 2
66 0 2
73 2 1
86 2 2 
98 8 1
130 0 1
134 3 1
134 0 1
134 2 2
134 8 1
151 1 2
164 2 1
176 0 2
186 7 2
196 6 1
200 7 1
200 8 1
200 5 1
200 3 2
200 0 2
200 0 2
200 0 2
200 2 1
200 2 1
200 2 1
200 4 1
200 1 1
*
5 4 8
10 4 8
15 4 8
20 4 8
25 4 8
30 4 8
35 4 8
40 4 8
45 4 8
50 4 8
55 4 8
60 4 8
65 4 8
70 4 8
75 4 8
80 4 8
85 4 8
90 4 8
95 4 8
100 4 8
105 4 8
110 4 8
115 4 8
120 4 8
125 4 8
130 4 8
135 4 8
140 4 8
145 4 8
150 4 8
155 4 8
160 4 8
165 4 8
170 4 8
180 4 8
185 4 8
190 4 8
195 4 8
200 4 8
205 4 8
210 4 8
215 4 8
220 4 8
225 4 8
230 4 8
235 4 8
240 4 8
245 4 8
250 4 8
*



    
