0 0 1 3 3
0 0 4 6 1
3 1 1 1 3
3 1 4 8 1
4 3 0 5 1
4 3 5 4 3
5 2 0 6 1
5 2 5 3 3
10 6 1 5 1
10 6 4 4 3
15 4 1 4 0
15 4 4 5 0
17 0 0 7 1
17 0 5 2 3
20 0 1 3 3
20 0 4 6 1
23 1 1 1 3
23 1 4 8 1
24 3 0 5 1
24 3 5 4 3
25 2 0 6 1
25 2 5 3 3
30 6 1 5 1
30 6 4 4 3
35 4 1 4 0
35 4 4 5 0
35 7 2 1 0
35 7 3 8 2
37 0 0 7 1
37 0 5 2 3
50 0 1 3 3
50 0 4 6 1
53 1 1 1 3
53 1 4 8 1
54 3 0 5 1
54 3 5 4 3
55 2 0 6 1
55 2 5 3 3
60 6 1 5 1
60 6 4 4 3
65 4 1 4 0
65 4 4 5 0
65 7 2 1 0
65 7 3 8 2
67 0 0 7 1
67 0 5 2 3
70 0 1 3 3
70 0 4 6 1
73 1 1 1 3
73 1 4 8 1
74 3 0 5 1
74 3 5 4 3
75 2 0 6 1
75 2 5 3 3
80 6 1 5 1
80 6 4 4 3
85 4 1 4 0
85 4 4 5 0
85 7 2 1 0
85 7 3 8 2
87 0 0 7 1
87 0 5 2 3
100 0 1 3 3
100 0 4 6 1
103 1 1 1 3
103 1 4 8 1
104 3 0 5 1
104 3 5 4 3
105 2 0 6 1
105 2 5 3 3
110 6 1 5 1
110 6 4 4 3
115 4 1 4 0
115 4 4 5 0
115 7 2 1 0
115 7 3 8 2
117 0 0 7 1
117 0 5 2 3
130 0 1 3 3
130 0 4 6 1
133 1 1 1 3
133 1 4 8 1
134 3 0 5 1
134 3 5 4 3
135 2 0 6 1
135 2 5 3 3
140 6 1 5 1
140 6 4 4 3
145 4 1 4 0
145 4 4 5 0
145 7 2 1 0
145 7 3 8 2
147 0 0 7 1
147 0 5 2 3
150 0 1 3 3
150 0 4 6 1
153 1 1 1 3
153 1 4 8 1
154 3 0 5 1
154 3 5 4 3
155 2 0 6 1
155 2 5 3 3
160 6 1 5 1
160 6 4 4 3
165 4 1 4 0
165 4 4 5 0
165 7 2 1 0
165 7 3 8 2
167 0 0 7 1
167 0 5 2 3
180 6 1 5 1
180 6 4 4 3
185 4 1 4 0
185 4 4 5 0
185 7 2 1 0
185 7 3 8 2
187 0 0 7 1
187 0 5 2 3
190 0 1 3 3
190 0 4 6 1
193 1 1 1 3
193 1 4 8 1
194 3 0 5 1
194 3 5 4 3
195 2 0 6 1
195 2 5 3 3
*