10  0 2
10 2 1
14 2 2
14 0 2
20 6 2
26 2 1
26 3 1
38 3 1
38 6 2
48 3 2
58 3 2
58 2 1
73 2 1
73 8 1
98 5 1
98 8 1
134 3 1
134 8 2   
134 0 1
134 2 2
134 0 1
151 1 2
151 0 2
176 0 2
176 1 1
196 6 1
200 5 1
200 5 1 
200 2 1
200 2 1
200 4 1
200 7 1
200 3 2
200 0 2
200 0 2
200 0 2
200 4 1
200 1 1
*
5 4 6
10 4 6
154 6
20 4 6
25 4 6
30 4 6
35 4 6
40 4 6
45 4 6
50 4 6
55 4 6
60 4 6
65 4 6
70 4 6
75 4 6
80 4 6
85 4 6
90 4 6
95 4 6
100 4 6
105 4 6
110 4 6
115 4 6
120 4 6
125 4 6
130 4 6
135 4 6
140 4 6
145 4 6
150 4 6
155 4 6
160 4 6
165 4 6
170 4 6
175 4 6
180 4 6
185 4 6
190 4 6
195 4 6
200 4 6
205 4 6
210 4 6
215 4 6
220 4 6
225 4 6
230 4 6
*