10 0 2
10 2 1
14 2 2
18 2 1
20 7 1
20 0 2
26 2 1
26 2 1
26 3 1
48 7 2
58 3 2
58 2 1
62 3 2
73 2 1
73 6 2
86 2 2
86 2 1
92 8 1
98 8 1
134 3 1
134 3 1
134 8 2
134 5 1
134 3 1
134 2 2
134 8 1
151 1 2
151 0 2
155 3 1
159 6 1
176 0 2
176 1 2
186 4 2
186 1 2
196 6 1
200 6 1
200 6 1	
200 7 1
200 3 2
200 3 2
200 2 1
200 2 1
200 0 2
200 0 2
200 0 2
200 4 1
200 1 2
*
1 2 5
5 4 5
6 2 5
7 2 5
8 2 5
10 4 5
13 2 5
14 2 5
15 2 5
20 2 5
21 2 5
22 2 5
25 4 5
27 2 5
28 2 5
29 2 5
30 4 5
34 2 5
35 2 5
36 2 5
40 4 5
41 2 5
42 2 5
43 2 5
45 4 5
48 2 5
49 2 5
50 2 5
55 2 5
56 2 5
57 2 5
60 4 5
62 2 5
63 2 5
64 2 5
65 4 5
69 2 5
70 2 5
71 2 5
75 4 5
76 2 5
77 2 5
78 2 5
80 4 5
83 2 5
84 2 5
85 2 5
90 2 5
91 2 5
92 2 5
95 4 5
97 2 5
98 2 5
99 2 5
100 4 5
104 2 5
105 2 5
106 2 5
110 4 5
111 2 5
112 2 5
113 2 5
115 4 5
118 2 5
119 2 5
120 2 5
125 2 5
126 2 5
127 2 5
130 4 5
132 2 5
133 2 5
134 2 5
135 4 5
139 2 5
140 2 5
141 2 5
145 4 5
146 2 5
147 2 5
148 2 5
150 4 5
153 2 5
154 2 5
155 2 5
160 2 5
161 2 5
162 2 5
165 4 5
167 2 5
168 2 5
169 2 5
170 4 5
174 2 5
175 2 5
176 2 5
180 4 5
181 2 5
182 2 5
183 2 5
185 4 5
188 2 5
189 2 5
190 2 5
195 2 5
196 2 5
197 2 5
200 4 5
205 4 5
210 4 5
215 4 5
220 4 5
225 4 5
230 4 5
*
