10 2 2
10 2 1
14 0 2	
18 0 2   
20 7 1
20 0 2	
20 2 1
23 0 2
26 3 1
28 1 2
38 6 2
43 4 1   
48 3 2
53 0 2
58 2 1
66 2 2
73 8 1
86 2 1
98 5 1
112 5 2
126 3 1
130 0 1
134 8 2
134 3 1
134 0 1
134 3 1
134 0 1
136 2 2
144 6 1
148 0 1
151 0 2
164 4 2
176 1 1
186 1 2
196 7 1
197 1 1
198 4 1
200 5 1
200 5 1
200 3 2
200 3 2
200 3 2
200 0 2
200 0 2
200 2 1 
200 2 1
200 4 1
200 1 2
200 1 2
200 8 2
200 8 2
200 7 2
200 6 2
*
5 0 4
10 0 4
15 0 4
20 0 4
25 0 4
30 0 4
35 0 4
40 0 4
45 0 4
50 0 4
55 0 4
60 0 4
65 0 4
70 0 4
75 0 4
80 0 4
85 0 4
90 0 4
95 0 4
100 0 4
105 0 4
110 0 4
115 0 4
120 0 4
125 0 4
130 0 4
135 0 4
140 0 4
145 0 4
150 0 4
155 0 4
160 0 4
165 0 4
170 0 4
175 0 4
180 0 4
185 0 4
190 0 4
195 0 4
200 0 4
205 0 4
210 0 4
215 0 4
220 0 4
225 0 4
230 0 4
*