10 0 3
10 0 1
14 0 2
14 0 4
20 7 1
20 0 2
26 2 3
26 3 1
38 3 1
48 7 2
58 3 3
58 3 4
58 2 1
58 2 4
73 6 2
86 2 3
86 2 2
98 5 1
98 8 3
134 3 1
134 3 4
134 0 3
134 8 2
134 3 1
134 0 2
134 3 1
164 2 1
164 4 4    
170 6 1
176 0 2
176 1 2
176 0 3
196 6 1
200 7 3
200 5 1
200 5 1
200 2 1
200 2 1
200 3 4
200 3 4
200 8 1
200 0 2
200 0 2
200 4 3
200 1 2
*
3 5 5
5 0 4
6 5 5
9 5 5
10 0 4
12 5 5
15 5 5
18 5 5
20 0 4
21 5 5
24 5 5
25 0 4
27 5 5
30 5 5
33 5 5
35 0 4
36 5 5
39 5 5
40 0 4
42 5 5
45 5 5
48 5 5
45 0 4
50 0 4
51 5 5
54 5 5
55 0 4
57 5 5
60 5 5
63 5 5
65 0 4
66 5 5
69 5 5
70 0 4
72 5 5
75 5 5
78 5 5
80 0 4
81 5 5
84 5 5
85 0 4
87 5 5
90 5 5
93 5 5
95 0 4
96 5 5
99 5 5
100 0 4
102 5 5
105 5 5
108 5 5
110 0 3
111 5 5
114 5 5
115 0 4
117 5 5
120 5 5
123 5 5
125 0 4
126 5 5
129 5 5
130 0 4
132 5 5
135 5 5
138 5 5
140 0 4
141 5 5
144 5 5
145 0 4
147 5 5
150 5 5
153 5 5
155 0 4
156 5 5
159 5 5
160 0 4
162 5 5
165 5 5
168 5 5
170 0 4
171 5 5
174 5 5
175 0 4
177 5 5
180 5 5
183 5 5
185 0 4
186 5 5
189 5 5
190 0 4
192 5 5
195 5 5
198 5 5
200 0 4
201 5 5
204 5 5
205 0 4
207 5 5
210 5 5
213 5 5
215 0 4
216 5 5
219 5 5
220 0 4
222 5 5
225 5 5
228 5 5
230 0 4
231 5 5
*